700 699
1 2 372
2 3 463
3 4 144
4 5 72
5 6 38
6 7 373
7 8 117
8 9 75
9 10 84
10 11 194
11 12 327
12 13 194
13 14 310
14 15 181
15 16 80
16 17 175
17 18 151
18 19 139
19 20 406
20 21 141
21 22 103
22 23 394
23 24 411
24 25 430
25 26 165
26 27 217
27 28 90
28 29 101
29 30 259
30 31 446
31 32 27
32 33 482
33 34 408
34 35 171
35 36 54
36 37 445
37 38 43
38 39 22
39 40 372
40 41 126
41 42 215
42 43 198
43 44 171
44 45 377
45 46 378
46 47 250
47 48 403
48 49 381
49 50 240
50 51 308
51 52 21
52 53 343
53 54 201
54 55 283
55 56 124
56 57 217
57 58 499
58 59 213
59 60 317
60 61 109
61 62 10
62 63 196
63 64 91
64 65 270
65 66 366
66 67 496
67 68 214
68 69 408
69 70 17
70 71 437
71 72 385
72 73 83
73 74 487
74 75 55
75 76 459
76 77 216
77 78 156
78 79 361
79 80 96
80 81 395
81 82 168
82 83 468
83 84 237
84 85 220
85 86 251
86 87 213
87 88 437
88 89 101
89 90 425
90 91 105
91 92 210
92 93 287
93 94 300
94 95 152
95 96 56
96 97 17
97 98 147
98 99 121
99 100 276
100 101 15
101 102 410
102 103 160
103 104 97
104 105 396
105 106 66
106 107 56
107 108 463
108 109 221
109 110 268
110 111 411
111 112 116
112 113 436
113 114 378
114 115 204
115 116 7
116 117 480
117 118 268
118 119 295
119 120 81
120 121 45
121 122 400
122 123 142
123 124 331
124 125 51
125 126 293
126 127 386
127 128 68
128 129 291
129 130 358
130 131 343
131 132 305
132 133 267
133 134 355
134 135 401
135 136 14
136 137 420
137 138 308
138 139 477
139 140 493
140 141 76
141 142 387
142 143 460
143 144 363
144 145 264
145 146 15
146 147 369
147 148 244
148 149 283
149 150 164
150 151 176
151 152 327
152 153 415
153 154 317
154 155 9
155 156 465
156 157 461
157 158 246
158 159 384
159 160 251
160 161 103
161 162 227
162 163 407
163 164 370
164 165 433
165 166 307
166 167 383
167 168 204
168 169 467
169 170 211
170 171 196
171 172 42
172 173 97
173 174 155
174 175 404
175 176 213
176 177 22
177 178 124
178 179 308
179 180 304
180 181 287
181 182 483
182 183 482
183 184 53
184 185 151
185 186 490
186 187 370
187 188 463
188 189 87
189 190 253
190 191 65
191 192 189
192 193 331
193 194 471
194 195 410
195 196 263
196 197 129
197 198 293
198 199 467
199 200 447
200 201 355
201 202 14
202 203 488
203 204 452
204 205 21
205 206 243
206 207 16
207 208 42
208 209 367
209 210 323
210 211 197
211 212 5
212 213 157
213 214 178
214 215 410
215 216 159
216 217 19
217 218 279
218 219 473
219 220 105
220 221 31
221 222 37
222 223 293
223 224 362
224 225 359
225 226 55
226 227 476
227 228 339
228 229 347
229 230 294
230 231 286
231 232 201
232 233 308
233 234 125
234 235 4
235 236 328
236 237 368
237 238 19
238 239 221
239 240 86
240 241 193
241 242 417
242 243 442
243 244 349
244 245 446
245 246 351
246 247 359
247 248 464
248 249 481
249 250 331
250 251 68
251 252 12
252 253 219
253 254 212
254 255 225
255 256 77
256 257 266
257 258 200
258 259 268
259 260 464
260 261 346
261 262 53
262 263 17
263 264 153
264 265 29
265 266 372
266 267 332
267 268 248
268 269 243
269 270 404
270 271 185
271 272 435
272 273 320
273 274 127
274 275 136
275 276 265
276 277 329
277 278 494
278 279 80
279 280 310
280 281 177
281 282 147
282 283 173
283 284 395
284 285 210
285 286 397
286 287 324
287 288 328
288 289 448
289 290 91
290 291 143
291 292 293
292 293 495
293 294 11
294 295 297
295 296 375
296 297 383
297 298 480
298 299 123
299 300 125
300 301 383
301 302 307
302 303 411
303 304 54
304 305 285
305 306 46
306 307 318
307 308 114
308 309 392
309 310 397
310 311 275
311 312 68
312 313 395
313 314 447
314 315 314
315 316 457
316 317 195
317 318 137
318 319 136
319 320 142
320 321 79
321 322 278
322 323 287
323 324 425
324 325 289
325 326 83
326 327 300
327 328 23
328 329 63
329 330 422
330 331 147
331 332 297
332 333 228
333 334 57
334 335 351
335 336 13
336 337 455
337 338 20
338 339 478
339 340 346
340 341 269
341 342 104
342 343 413
343 344 15
344 345 50
345 346 78
346 347 323
347 348 244
348 349 215
349 350 458
350 351 237
351 352 145
352 353 88
353 354 23
354 355 70
355 356 376
356 357 458
357 358 369
358 359 250
359 360 372
360 361 142
361 362 396
362 363 168
363 364 221
364 365 304
365 366 370
366 367 233
367 368 110
368 369 242
369 370 62
370 371 455
371 372 10
372 373 165
373 374 219
374 375 376
375 376 66
376 377 297
377 378 199
378 379 161
379 380 363
380 381 156
381 382 398
382 383 7
383 384 95
384 385 272
385 386 428
386 387 322
387 388 229
388 389 296
389 390 71
390 391 100
391 392 289
392 393 318
393 394 268
394 395 10
395 396 474
396 397 489
397 398 94
398 399 83
399 400 230
400 401 156
401 402 38
402 403 239
403 404 172
404 405 108
405 406 115
406 407 238
407 408 256
408 409 165
409 410 398
410 411 118
411 412 172
412 413 147
413 414 125
414 415 267
415 416 419
416 417 52
417 418 88
418 419 147
419 420 200
420 421 159
421 422 247
422 423 488
423 424 476
424 425 366
425 426 349
426 427 449
427 428 354
428 429 443
429 430 32
430 431 436
431 432 98
432 433 421
433 434 26
434 435 121
435 436 28
436 437 492
437 438 358
438 439 136
439 440 156
440 441 108
441 442 253
442 443 328
443 444 254
444 445 229
445 446 94
446 447 172
447 448 133
448 449 181
449 450 171
450 451 332
451 452 191
452 453 417
453 454 171
454 455 19
455 456 134
456 457 20
457 458 467
458 459 339
459 460 314
460 461 350
461 462 274
462 463 263
463 464 122
464 465 300
465 466 383
466 467 2
467 468 291
468 469 241
469 470 137
470 471 299
471 472 348
472 473 389
473 474 126
474 475 453
475 476 118
476 477 71
477 478 125
478 479 250
479 480 103
480 481 295
481 482 433
482 483 294
483 484 63
484 485 455
485 486 312
486 487 48
487 488 326
488 489 130
489 490 386
490 491 139
491 492 480
492 493 12
493 494 401
494 495 101
495 496 163
496 497 284
497 498 102
498 499 305
499 500 376
500 501 238
501 502 103
502 503 75
503 504 479
504 505 228
505 506 27
506 507 96
507 508 150
508 509 3
509 510 197
510 511 253
511 512 149
512 513 481
513 514 46
514 515 63
515 516 435
516 517 209
517 518 110
518 519 261
519 520 338
520 521 348
521 522 399
522 523 169
523 524 211
524 525 152
525 526 122
526 527 373
527 528 287
528 529 75
529 530 177
530 531 14
531 532 165
532 533 280
533 534 88
534 535 143
535 536 359
536 537 466
537 538 90
538 539 9
539 540 321
540 541 286
541 542 113
542 543 321
543 544 266
544 545 10
545 546 384
546 547 200
547 548 218
548 549 345
549 550 312
550 551 407
551 552 44
552 553 211
553 554 428
554 555 254
555 556 214
556 557 49
557 558 126
558 559 500
559 560 123
560 561 155
561 562 13
562 563 287
563 564 286
564 565 452
565 566 281
566 567 496
567 568 269
568 569 370
569 570 356
570 571 89
571 572 7
572 573 468
573 574 410
574 575 272
575 576 477
576 577 145
577 578 324
578 579 46
579 580 489
580 581 135
581 582 305
582 583 33
583 584 197
584 585 232
585 586 138
586 587 262
587 588 132
588 589 116
589 590 261
590 591 106
591 592 270
592 593 125
593 594 245
594 595 407
595 596 428
596 597 25
597 598 402
598 599 197
599 600 395
600 601 258
601 602 137
602 603 401
603 604 77
604 605 46
605 606 25
606 607 406
607 608 42
608 609 200
609 610 303
610 611 383
611 612 186
612 613 107
613 614 267
614 615 235
615 616 190
616 617 404
617 618 496
618 619 321
619 620 19
620 621 109
621 622 427
622 623 140
623 624 233
624 625 171
625 626 46
626 627 161
627 628 195
628 629 448
629 630 209
630 631 441
631 632 57
632 633 345
633 634 194
634 635 133
635 636 243
636 637 218
637 638 390
638 639 284
639 640 417
640 641 193
641 642 18
642 643 102
643 644 299
644 645 284
645 646 336
646 647 489
647 648 188
648 649 184
649 650 161
650 651 58
651 652 292
652 653 87
653 654 198
654 655 376
655 656 109
656 657 243
657 658 388
658 659 156
659 660 42
660 661 96
661 662 96
662 663 450
663 664 293
664 665 141
665 666 435
666 667 35
667 668 358
668 669 324
669 670 170
670 671 126
671 672 16
672 673 188
673 674 80
674 675 167
675 676 323
676 677 267
677 678 7
678 679 362
679 680 450
680 681 167
681 682 420
682 683 241
683 684 106
684 685 469
685 686 469
686 687 66
687 688 63
688 689 356
689 690 221
690 691 105
691 692 304
692 693 169
693 694 406
694 695 96
695 696 309
696 697 340
697 698 130
698 699 19
699 700 164
